000000000100000111110100101111100100000101000110000010000100001100100111100010011110010010110001101101101011001100111101011100100010001010110001110101001001101101000000011010110101000001011100101010110010111000101110000000011000101100001101101010011000101101001101000100101100100001
1111111011111010101011101101010000000101110110100111110000010000110101110111100100100010101010001100001100001010110100101010010010010000100001110110101000111101100011111110011011100001011111100010101100011011100011010000100011101011010111110010100100101000010001110110101100101111101010000110100
11111101001101010001100010110000101010001101110111001111101100000011001100111000111010010000100101110111010011110010101000001001101111101000100011010101011001011
0000101110011101100101111000111101101100111010010110001011110110100000100111010000010011010100010111000110100010001101110011101110011011011011000010101000100000101011001000111100111100100111100010111010101000101001110010101100101101010111111011110110000101110101011111000001100101000001111011111000110011011001111110101110111101001
111111101100100001111011110010010111110100010101010111101111111111111110010000101111111100110100001010100010111010111101111100000011
0000010001011010000111100110111010100100001100100101011100111101001110101111010101100001011100011010001111100110110111111011001010110000
11111111100100001100101011110111100111010100010000111111101010001010101110100100101110101001
1111110100110101000110001011000011111101101100111100010010101000010101010011001011100010111011000101111110000000011100010001000001111101001101110100101001011111111010010100000
1111111000110000110011011000100100101100100101000000010001101001111010100010100101011011101000010101010110110001100000110001101100110001010010111010011001100100110111101011001110111000100010101010000110000100111011100100
111111111000001011010010001100101110011000110000010010111011000101001101111011110110101011110001110101011000011010100000011100010100111110000010001110011111000011011111010000111000110001000100011110101001000000100100110100101110101000001110111101010101111001101010010001101010100110101110101001110110011100101010000100011000011011011100101100010
111111101011111011011100000010000001101001100100100011111110001111100011110011000111011001010100011000001011100110110011001000101101101101110110011111011011011101000000100101110
11111100101011100011110010001010011010101110110001111001010000110110100010110111001100011011011111110011100000111000001011110001001